function X = get_X5(tt)
  X = [ 1 tt(1) tt(1)^2/2 tt(1)^3/6 tt(1)^4/24 tt(1)^5/120;
        1 tt(2) tt(2)^2/2 tt(2)^3/6 tt(2)^4/24 tt(2)^5/120;
        1 tt(3) tt(3)^2/2 tt(3)^3/6 tt(3)^4/24 tt(3)^5/120;
        1 tt(4) tt(4)^2/2 tt(4)^3/6 tt(4)^4/24 tt(4)^5/120;
        1 tt(5) tt(5)^2/2 tt(5)^3/6 tt(5)^4/24 tt(5)^5/120;
        1 tt(6) tt(6)^2/2 tt(6)^3/6 tt(6)^4/24 tt(6)^5/120];
end